0
0
0
0
0
0
0
0
0
0
0
0
0
0
0
0
0
0
0
0
0
0
0
0
0.000380373
0.000380373
0.000380373
0.000380373
0.000380373
0.000380373
0.000380373
0.000380373
0.000760746
0.000760746
0.000760746
0.000760746
0.000760746
0.000760746
0.001141118
0.001141118
0.001141118
0.001141118
0.001521491
0.001521491
0.001901864
0.001901864
0.002282237
0.003423355
0.004564473
0.005705591
0.006466337
0.007227083
0.008368201
0.009509319
0.01103081
0.011791556
0.012552301
0.01369342
0.014834538
0.015975656
0.016736402
0.01787752
0.018257893
0.019018638
0.019779384
0.020540129
0.021300875
0.02206162
0.022441993
0.022822366
0.023202739
0.022822366
0.022441993
0.021681248
0.020920502
0.019399011
0.019018638
0.018638266
0.018638266
0.018638266
0.018257893
0.017497147
0.016736402
0.015214911
0.014834538
0.014454165
0.01369342
0.013313047
0.012171928
0.01103081
0.009509319
0.008368201
0.007607455
0.00684671
0.006466337
0.006085964
0.005325219
0.004564473
0.0041841
0.003803728
0.003803728
0.003423355
0.003423355
0.003042982
0.003042982
0.003042982
0.002662609
0.002662609
0.002662609
0.003042982
0.003042982
0.003042982
0.003423355
0.003423355
0.003423355
0.003042982
0.003042982
0.002662609
0.003042982
0.002662609
0.003042982
0.003423355
0.003042982
0.002662609
0.002282237
0.002282237
0.002282237
0.001901864
0.001901864
0.001521491
0.001901864
0.001901864
0.002282237
0.002282237
0.002282237
0.002662609
0.002662609
0.003042982
0.003042982
0.003042982
0.003423355
0.003423355
0.003803728
0.0041841
0.0041841
0.0041841
0.004564473
0.004564473
0.004944846
0.004944846
0.004944846
0.005325219
0.005325219
0.005325219
0.004944846
0.004944846
0.004564473
0.004564473
0.0041841
0.003803728
0.003423355
0.003423355
0.003042982
0.002662609
0.002282237
0.002282237
0.001901864
0.001901864
0.001901864
0.001521491
0.001521491
0.001521491
0.001141118
0.001141118
0.001141118
0.000760746
0.000760746
0.000760746
0.000760746
0.000380373
0.000380373
0.000380373
0.000380373
0.000380373
0.000380373